10
100
1000
1001
1002
1003
1004
1007
1010
1011
1012
1017
1018
1019
1023
1025
1027
1030
1031
1032
1033
1038
1039
104
1041
1045
1048
1049
105
1051
1052
1055
1056
106
1066
107
1071
1072
1075
1076
1078
1079
108
1080
1081
1086
1088
1091
1093
1094
1096
1097
1098
1099
11
110
1100
1101
1106
1107
111
1110
1111
1112
1113
1114
1115
1116
1117
1123
1124
1126
1127
1129
1132
1134
1135
1138
114
1140
1142
115
1152
1157
1158
1159
116
1162
1165
1167
1168
1169
117
1173
1176
1177
1178
1179
118
1189
1193
1197
1198
12
1200
1201
1204
1206
121
1213
1217
1218
1219
122
1220
1227
123
1230
1231
1232
1234
1235
1237
1238
1240
1242
1243
1244
125
1250
1252
1253
1254
1257
1258
1260
1261
1263
1266
1269
127
1275
1278
1281
1286
1289
129
1291
1292
1294
1295
1296
1297
1300
1303
1304
1309
1313
1315
1316
1318
132
1320
1321
1325
1326
1327
1330
1331
1332
1334
1335
1336
1338
1339
134
1341
1343
1344
1346
135
1350
1353
1358
136
1363
1364
1365
1368
1372
1373
1379
1380
1381
1385
1386
1389
139
1391
1392
1393
140
1400
1402
1404
1405
1406
1407
1408
1409
141
1411
1415
142
1420
1421
1422
1426
1427
1428
143
1430
1432
1433
1434
1437
1442
1443
1445
1447
1449
1451
1453
1454
1455
1458
1463
1464
1466
1467
1469
1470
1471
1473
1474
1475
1479
148
1480
1487
1489
149
1492
1495
1496
150
1500
151
158
159
160
162
164
166
167
169
172
173
175
176
177
178
179
180
181
184
185
190
193
195
197
199
2
20
201
202
204
206
208
209
211
212
214
216
22
221
222
223
224
225
23
232
234
236
237
239
241
242
243
245
248
249
250
251
254
255
259
261
264
266
268
269
27
272
273
276
277
279
28
281
282
287
296
297
298
299
30
301
303
306
307
308
309
313
314
317
318
32
321
323
324
325
326
327
328
331
332
333
335
338
339
340
341
344
347
348
349
35
350
352
354
357
358
359
361
367
368
369
37
370
371
374
375
376
377
379
380
382
383
384
385
386
389
390
392
393
394
397
398
399
402
403
404
407
408
409
410
411
413
414
415
419
42
420
421
423
424
427
429
43
430
432
433
434
435
437
441
442
444
445
446
449
450
451
456
457
459
46
464
466
468
47
470
472
475
477
48
480
481
482
484
485
486
491
494
496
499
500
503
508
509
513
515
516
517
518
519
52
522
524
525
528
529
53
534
536
537
539
540
545
546
547
549
551
552
554
555
556
557
558
56
563
564
565
566
57
570
571
572
573
575
579
581
584
586
588
589
59
592
593
594
596
597
599
603
604
605
606
611
612
613
614
615
616
619
620
622
623
628
629
630
633
635
636
637
639
64
640
641
642
645
647
648
649
65
652
653
655
656
657
658
659
660
661
662
663
665
666
667
669
67
670
673
674
676
677
68
681
682
683
685
688
689
69
696
697
7
70
700
701
702
703
704
705
706
707
708
709
711
712
714
718
724
726
729
730
733
734
738
739
741
742
744
748
749
752
754
755
757
759
76
760
761
762
765
766
767
77
772
773
774
779
780
781
782
785
787
788
79
792
793
795
796
802
803
806
809
81
810
814
816
818
82
820
821
823
826
828
830
832
833
837
839
84
840
842
843
844
848
849
850
851
854
855
857
859
86
862
863
864
868
871
872
875
876
879
88
882
883
885
886
887
890
891
892
893
894
895
896
898
90
900
901
902
903
904
905
907
914
915
917
919
926
93
930
933
936
939
940
941
942
943
945
946
947
948
95
952
953
954
955
957
958
961
962
963
967
969
97
970
971
972
973
975
976
979
98
982
984
986
987
988
99
990
991
992
994
995
997
998
999
